ATOM_NAME = Al O
DIM = 2 2 2
BAND = 0 0 0  0.500   0.000   0.000  0.500  0.233793  -0.233793 0.766207  0.500  0.233793   0.500   0.500   0.500 0.000   0.000   0.000 0.366896  0.000  -0.366896 0.633104  0.366896  0.000 0.500   0.500   0.000 0.633104  0.633104  0.233793 0.500   0.500   0.500 0.500   0.000   0.000 0.766207  0.366896  0.366896
PRIMITIVE_AXIS = 2/3 -1/3 -1/3  1/3 1/3 -2/3  1/3 1/3 1/3
FC_SYMMETRY = .TRUE.
